object Form1: TForm1
  Left = 0
  Top = 0
  Caption = 'Form1'
  ClientHeight = 591
  ClientWidth = 379
  FormFactor.Width = 320
  FormFactor.Height = 480
  FormFactor.Devices = [Desktop]
  DesignerMasterStyle = 3
  object ZMaterialActionButton1: TZMaterialActionButton
    Position.X = 232.000000000000000000
    Position.Y = 368.000000000000000000
    Size.Width = 56.000000000000000000
    Size.Height = 56.000000000000000000
    Size.PlatformDefault = False
    Color = xFFE91E63
    ShadowDistance = 1.000000000000000000
    ShadowSoftness = 0.899999976158142100
    ShadowOpacity = 0.400000005960464500
  end
end
